# Object	S(Bg_f656)	S(Bg_f658)	S(Bg_f547)	S(Bg_acs_f658)	S(Bg_wfpc2_f656)	S(cont_Bg_f656)	S(cont_Bg_f658)	S(cont_Bg_f547)	S(cont_Bg_acs_f658)	S(cont_Bg_wfpc2_f656)	%(cont_Bg_f656)	%(cont_Bg_f658)	%(cont_Bg_f547)	%(cont_Bg_acs_f658)	%(cont_Bg_wfpc2_f656)
LL6	0.000	0.000	0.000	0.000	0.000	0.000	0.000	0.000	0.000	0.000	0.000	0.000	nan	0.000	0.000
344-3020	0.000	0.000	0.000	0.000	0.000	0.000	0.000	0.000	0.000	0.000	0.000	0.000	nan	0.000	0.000
362-3137	0.000	0.000	0.000	0.000	0.000	0.000	0.000	0.000	0.000	0.000	nan	nan	nan	nan	nan
308-3036	0.000	0.000	0.000	0.000	0.000	0.000	0.000	0.000	0.000	0.000	nan	nan	nan	nan	nan
072-134	1.404	0.368	0.304	0.368	1.404	0.013	0.019	0.304	0.036	0.000	0.010	0.051	1.000	0.097	0.000
049-143	0.893	0.204	0.231	0.204	0.893	0.010	0.014	0.231	0.027	0.000	0.011	0.070	1.000	0.133	0.000
051-024	0.781	0.232	0.000	0.232	0.781	0.000	0.000	0.000	0.000	0.000	0.000	0.000	nan	0.000	0.000
4578-251	0.432	0.121	0.000	0.121	0.432	0.000	0.000	0.000	0.000	0.000	0.000	0.000	nan	0.000	0.000
w000-400	0.390	0.105	0.103	0.105	0.390	0.005	0.006	0.103	0.012	0.000	0.012	0.060	1.000	0.115	0.000
w069-601	0.891	0.203	0.183	0.203	0.891	0.008	0.011	0.183	0.021	0.000	0.009	0.055	1.000	0.106	0.000
169-338	5.800	1.168	1.268	1.168	5.800	0.056	0.078	1.268	0.149	0.002	0.010	0.067	1.000	0.127	0.000
142-301	8.333	1.289	1.321	1.289	8.333	0.059	0.081	1.321	0.155	0.002	0.007	0.063	1.000	0.120	0.000
189-329	5.158	0.734	0.807	0.734	5.158	0.036	0.050	0.807	0.095	0.001	0.007	0.068	1.000	0.129	0.000
w044-527	0.831	0.182	0.158	0.182	0.831	0.007	0.010	0.158	0.019	0.000	0.008	0.053	1.000	0.102	0.000
065-502	1.169	0.188	0.237	0.188	1.169	0.011	0.015	0.237	0.028	0.000	0.009	0.077	1.000	0.148	0.000
180-331	3.803	0.638	0.770	0.638	3.803	0.034	0.047	0.770	0.090	0.001	0.009	0.074	1.000	0.142	0.000
109-246	4.446	0.855	0.819	0.855	4.446	0.036	0.050	0.819	0.096	0.001	0.008	0.059	1.000	0.112	0.000
121-434	2.388	0.446	0.494	0.446	2.388	0.022	0.030	0.494	0.058	0.001	0.009	0.068	1.000	0.130	0.000
w073-227	1.338	0.278	0.278	0.278	1.338	0.012	0.017	0.278	0.033	0.000	0.009	0.061	1.000	0.117	0.000
102-157	1.999	0.431	0.438	0.431	1.999	0.019	0.027	0.438	0.051	0.001	0.010	0.063	1.000	0.119	0.000
173-236	8.241	1.454	1.268	1.454	8.241	0.056	0.078	1.268	0.149	0.002	0.007	0.054	1.000	0.102	0.000
161-324	7.363	1.881	5.175	1.881	7.363	0.230	0.318	5.175	0.607	0.008	0.031	0.169	1.000	0.323	0.001
175-321	8.052	1.247	4.737	1.247	8.052	0.210	0.291	4.737	0.556	0.007	0.026	0.234	1.000	0.446	0.001
LL1	0.000	0.000	0.000	0.000	0.000	0.000	0.000	0.000	0.000	0.000	nan	nan	nan	nan	nan
170-249	0.000	0.000	0.000	0.000	0.000	0.000	0.000	0.000	0.000	0.000	nan	nan	nan	nan	nan
168-328	6.679	1.270	4.469	1.270	6.679	0.198	0.275	4.469	0.525	0.007	0.030	0.216	1.000	0.413	0.001
w030-524	0.690	0.167	0.141	0.167	0.690	0.006	0.009	0.141	0.017	0.000	0.009	0.052	1.000	0.099	0.000
w014-414	0.425	0.093	0.109	0.093	0.425	0.005	0.007	0.109	0.013	0.000	0.011	0.072	1.000	0.137	0.000
106-245	3.940	0.822	0.699	0.822	3.940	0.031	0.043	0.699	0.082	0.001	0.008	0.052	1.000	0.100	0.000
158-323	8.263	2.008	3.069	2.008	8.263	0.136	0.189	3.069	0.360	0.005	0.016	0.094	1.000	0.179	0.001
168-326	7.688	1.623	6.518	1.623	7.688	0.289	0.401	6.518	0.765	0.010	0.038	0.247	1.000	0.471	0.001
154-240	7.150	1.084	1.176	1.084	7.150	0.052	0.072	1.176	0.138	0.002	0.007	0.067	1.000	0.127	0.000
178-258	0.000	0.000	0.000	0.000	0.000	0.000	0.000	0.000	0.000	0.000	nan	nan	nan	nan	nan
173-342	4.795	0.664	0.978	0.664	4.795	0.043	0.060	0.978	0.115	0.002	0.009	0.091	1.000	0.173	0.000
163-317	8.713	1.727	6.024	1.727	8.713	0.268	0.370	6.024	0.707	0.009	0.031	0.215	1.000	0.410	0.001
w012-407	0.453	0.103	0.112	0.103	0.453	0.005	0.007	0.112	0.013	0.000	0.011	0.067	1.000	0.128	0.000
159-221	5.223	1.521	0.835	1.521	5.223	0.037	0.051	0.835	0.098	0.001	0.007	0.034	1.000	0.064	0.000
177-341	4.167	0.675	0.908	0.675	4.167	0.040	0.056	0.908	0.107	0.001	0.010	0.083	1.000	0.158	0.000
074-229	1.318	0.289	0.292	0.289	1.318	0.013	0.018	0.292	0.034	0.000	0.010	0.062	1.000	0.119	0.000
154-225	5.078	1.048	0.820	1.048	5.078	0.036	0.050	0.820	0.096	0.001	0.007	0.048	1.000	0.092	0.000
083-435	1.584	0.239	0.299	0.239	1.584	0.013	0.018	0.299	0.035	0.000	0.008	0.077	1.000	0.147	0.000
167-317	0.000	0.000	0.000	0.000	0.000	0.000	0.000	0.000	0.000	0.000	nan	nan	nan	nan	nan
168-326N	16.217	2.415	8.757	2.415	16.217	0.389	0.538	8.757	1.028	0.014	0.024	0.223	1.000	0.426	0.001
101-233	3.133	0.850	0.566	0.850	3.133	0.025	0.035	0.566	0.066	0.001	0.008	0.041	1.000	0.078	0.000
117-421	3.054	0.695	0.543	0.695	3.054	0.024	0.033	0.543	0.064	0.001	0.008	0.048	1.000	0.092	0.000
163-222	5.552	1.382	0.898	1.382	5.552	0.040	0.055	0.898	0.105	0.001	0.007	0.040	1.000	0.076	0.000
165-235	6.642	0.991	1.028	0.991	6.642	0.046	0.063	1.028	0.121	0.002	0.007	0.064	1.000	0.122	0.000
166-316	9.132	1.748	3.398	1.748	9.132	0.151	0.209	3.398	0.399	0.005	0.017	0.119	1.000	0.228	0.001
w005-514	0.466	0.134	0.128	0.134	0.466	0.006	0.008	0.128	0.015	0.000	0.012	0.059	1.000	0.112	0.000
042-628	0.000	0.000	0.000	0.000	0.000	0.000	0.000	0.000	0.000	0.000	0.000	0.000	nan	0.000	0.000
041-637	0.000	0.000	0.000	0.000	0.000	0.000	0.000	0.000	0.000	0.000	0.000	0.000	nan	0.000	0.000
022-635	0.000	0.000	0.000	0.000	0.000	0.000	0.000	0.000	0.000	0.000	0.000	0.000	nan	0.000	0.000
4582-635	0.000	0.000	0.000	0.000	0.000	0.000	0.000	0.000	0.000	0.000	0.000	0.000	nan	0.000	0.000
w005-514	0.000	0.000	0.128	0.000	0.000	0.006	0.008	0.128	0.015	0.000	inf	inf	1.000	inf	inf
305-811	0.000	0.000	0.000	0.000	0.000	0.000	0.000	0.000	0.000	0.000	0.000	0.000	nan	0.000	0.000
261-3018	0.000	0.000	0.000	0.000	0.000	0.000	0.000	0.000	0.000	0.000	0.000	0.000	nan	0.000	0.000
LL5	0.000	0.000	0.000	0.000	0.000	0.000	0.000	0.000	0.000	0.000	0.000	0.000	nan	0.000	0.000
131-046	1.775	0.432	0.424	0.432	1.775	0.019	0.026	0.424	0.050	0.001	0.011	0.060	1.000	0.115	0.000
206-043	0.731	0.259	0.281	0.259	0.731	0.012	0.017	0.281	0.033	0.000	0.017	0.067	1.000	0.127	0.001
132-053	2.043	0.547	0.429	0.547	2.043	0.019	0.026	0.429	0.050	0.001	0.009	0.048	1.000	0.092	0.000
4468-605	0.000	0.000	0.000	0.000	0.000	0.000	0.000	0.000	0.000	0.000	0.000	0.000	nan	0.000	0.000
LL3	0.000	0.000	0.000	0.000	0.000	0.000	0.000	0.000	0.000	0.000	0.000	0.000	nan	0.000	0.000
205-230	2.902	0.781	0.703	0.781	2.902	0.031	0.043	0.703	0.082	0.001	0.011	0.055	1.000	0.106	0.000
w266-558	1.143	0.330	0.336	0.330	1.143	0.015	0.021	0.336	0.039	0.001	0.013	0.062	1.000	0.119	0.000
212-400	3.053	0.560	0.652	0.560	3.053	0.029	0.040	0.652	0.077	0.001	0.009	0.072	1.000	0.137	0.000
119-3155	0.000	0.000	0.000	0.000	0.000	0.000	0.000	0.000	0.000	0.000	0.000	0.000	nan	0.000	0.000
138-3024	0.000	0.000	0.000	0.000	0.000	0.000	0.000	0.000	0.000	0.000	0.000	0.000	nan	0.000	0.000
116-3101	0.000	0.000	0.000	0.000	0.000	0.000	0.000	0.000	0.000	0.000	0.000	0.000	nan	0.000	0.000
066-3251	0.000	0.000	0.000	0.000	0.000	0.000	0.000	0.000	0.000	0.000	0.000	0.000	nan	0.000	0.000
203-3039	0.000	0.000	0.000	0.000	0.000	0.000	0.000	0.000	0.000	0.000	0.000	0.000	nan	0.000	0.000
136-3057	0.000	0.000	0.000	0.000	0.000	0.000	0.000	0.000	0.000	0.000	0.000	0.000	nan	0.000	0.000
LL2	0.000	0.000	0.000	0.000	0.000	0.000	0.000	0.000	0.000	0.000	0.000	0.000	nan	0.000	0.000
LL4	0.000	0.000	0.000	0.000	0.000	0.000	0.000	0.000	0.000	0.000	0.000	0.000	nan	0.000	0.000
